70
56
44
53
9
8714
74
2401
7
9
72
810
4
1
70
9047
82
7
0
5
15
96
80
10
263
62
36
8736
81
43
923
54
5
0
9441
79
1
10
66
21
41
2721
72
397
0
137
7
8
8434
55
94
830
8931
971
29
722
5163
9417
356
72
731
46
52
909
10
9
10
965
5
1
54
54
96
43
90
1000
76
92
25
91
2642
99
4
4
4382
19
4161
8
8
1
142
203
53
97
39
27
10
72
55
404
32
893
292
29
1430
1
769
9
3
6919
2
1
61
55
825
1767
9
67
53
3
4600
88
100
90
7
41
445
927
227
6155
90
1
9015
6553
5467
9786
91
2353
9
415
772
820
7508
26
7945
986
25
16
8
7894
440
7
2018
4955
608
57
668
92
62
29
8411
33
71
4698
6375
8
7359
5435
7
974
84
200
495
375
6635
574
371
1
2
5589
480
5699
9837
6
3948
2
7799
692
87
7839
917
2
7873
4306
91
5394
8
0
858
2644
36
6862
749
9
87
375
1959
76
78
53
54
27
17
8
3469
336
605
0
815
10
63
633
8
209
26
27
3372
10
3082
50
4
917
94
14
3
339
91
991
9
9341
4949
1
7219
9845
10
5902
7
55
8791
33
2
634
7
8
99
7
2
3
491
9096
7
3
9
9052
484
694
552
7
35
8
10
8144
58
5
50
8
82
6517
1
56
204
99
433
2
40
15
3186
5
8
46
8049
496
8033
93
62
72
87
1713
5731
86
344
7997
880
2
6589
71
747
7578
410
446
2
8
63
6503
63
30
6
6
9
451
9
10
564
0
51
50
125
8
8
807
3933
6
8
1180
34
860
297
661
1
9528
35
425
991
972
93
2345
94
10
388
671
8447
7647
8432
858
3332
89
31
3968
6891
54
645
73
393
597
786
6
9
591
0
895
72
82
69
1725
89
6
13
699
90
2967
780
190
14
74
65
563
626
98
84
7
791
3247
2481
3634
69
2
6
6861
40
8
30
8512
944
6
4472
28
105
269
34
146
17
606
3
34
140
6446
9
685
408
20
507
36
336
594
52
6
0
74
5988
82
9
951
1
9
6330
4
10
24
4733
87
6547
4
1
738
15
979
541
3172
36
8468
24
4006
59
68
9
27
82
0
42
37
6
486
3129
1
3942
9183
565
3309
54
10
17
20
7337
225
54
18
50
718
6825
10
3470
990
0
8
50
9688
8
69
7
10
2943
2953
6
14
9452
57
7
495
1702
1550
795
383
27
6
307
14
10
5665
205
5053
3231
70
9
8
497
1023
8765
760
9
6503
57
7559
7
4
731
641
22
6
2
92
4
72
9
228
2602
2
2864
411
4
48
6688
933
12
54
6
848
3004
7
1
533
664
97
0
4
44
313
10
158
946
70
3
53
45
1430
10
118
1503
8702
625
16
33
275
58
8486
55
5903
422
4
333
2
2257
0
66
602
2214
7
9583
5
631
3726
6693
322
53
12
1524
8318
76
2882
32
80
826
3
8
7215
170
3126
58
995
1
6773
932
14
2
1
169
7
355
9
9215
32
43
1643
520
61
7
9019
17
85
8
5246
3886
911
767
9
45
52
27
4837
95
51
66
689
3019
295
506
7
31
4894
10
944
11
10
3
2
272
806
462
5058
3
315
1
94
325
0
84
3914
95
6827
2
789
8381
819
10
569
169
518
54
27
32
2424
1
97
24
1
6363
66
4153
10
9
840
90
344
9
66
19
655
591
64
94
1
5738
143
5284
6063
770
77
6
6992
85
81
9
417
7181
843
7010
5071
7430
856
0
69
14
825
6
87
8
2
870
8173
9
83
72
63
91
11
35
9
88
6502
0
40
9
732
6
366
9
28
0
937
10
3860
20
58
9332
39
230
10
6
17
593
4645
195
0
7326
5842
96
579
8868
28
25
304
958
41
9
6
628
5530
625
18
5
29
72
7648
94
1
1
2766
6398
47
2770
6
229
8
47
65
2307
2121
80
13
11
5814
5
97
82
10
133
400
910
618
71
413
113
8
40
236
0
7531
945
25
6341
185
2
749
99
6
9931
865
659
876
763
7493
21
8
5166
5
86
4
205
41
4062
82
966
53
4
746
139
94
53
26
10
7942
5600
763
7379
1937
3
2718
102
42
23
6
30
4
4
7928
81
98
76
423
760
887
4980
4276
7
47
385
60
94
96
9
1028
9
8
5888
86
77
224
902
7
1
421
737
3371
84
7
738
21
4
714
1328
93
84
374
36
8
2496
3988
245
10
2
5745
58
49
5482
49
2
92
14
351
78
7
392
7774
1559
0
9937
9
296
8581
825
9093
56
8967
9
2733
989
2657
9978
6
95
13
4796
6
44
25
4
6728
12
296
2193
72
68
89
63
100
5
0
626
96
271
82
84
0
1
7600
2
7215
874
4
1181
2776
8
4
4
95
1
4285
4
258
5126
8987
300
5133
616
6603
5098
10
496
2
10
16
32
1063
0
32
31
236
5607
53
5850
10
274
74
7069
3
868
5723
4419
81
6
542
6270
747
3394
536
5
138
9
86
420
850
64
0
328
198
35
4
14
7
62
3
56
95
6856
243
9741
7630
4309
10
34
470
1051
681
5908
8561
209
36
9986
34
9
0
33
7980
893
8
332
89
4389
980
13
592
8
65
1
3699
743
7596
51
391
3079
5
4179
3
6
9
970
3453
1
86
822
5
180
9696
73
30
6
3
4585
20
71
40
71
932
42
1393
4
9344
10
4
10
73
502
813
588
700
70
7
1
8377
300
104
4637
6696
5
0
97
17
3769
319
704
9398
34
0
541
2
9
7
81
987
4
724
536
2
1734
7405
1476
78
73
92
10
4011
124
3
6
340
15
66
7
2499
0
429
6
8
9610
98
191
5086
178
3
13
440
98
52
48
9
6143
2014
694
3
402
767
946
3
9958
53
57
172
9
24
21
30
6
39
25
8
96
0
643
67
896
10
27
1255
578
179
414
462
245
1
78
327
568
47
8437
10
4516
4247
1
0
37
9
116
91
239
29
32
3
9
94
79
3
9795
4870
3
4992
7
93
87
15
4
2769
621
0
928
7
171
296
88
6350
36
63
4551
6581
0
648
962
3
6
2
4785
57
9865
86
9000
498
107
3
3653
4778
45
201
16
5966
4809
38
6330
6
245
514
949
2475
7
5659
12
7855
7783
2552
7099
4
25
871
6587
29
6408
110
1
6
27
10
3577
26
329
73
952
945
38
1
204
11
5
61
873
4209
17
91
69
8136
90
10
2840
3835
87
3994
2184
4
994
8
2
6
35
69
40
5441
1835
9292
0
4245
12
4879
785
1103
34
49
75
4820
304
2
8
23
7459
9
1
366
8362
2890
33
8
25
181
6
540
4
79
1
7
1000
1660
1584
0
87
41
5
84
1342
7776
4
51
4310
151
513
129
210
2968
6055
975
5343
241
73
7081
8776
63
365
330
89
85
37
3
7
10
5441
2112
8
76
9
7960
756
72
279
10
3
9905
330
738
82
9
696
3658
101
5
5258
4
92
7
528
65
45
80
19
81
62
3291
4
576
5840
5392
92
360
551
6337
97
374
4187
35
6241
1881
253
5907
8
40
0
0
9794
120
1
5
9693
2077
4260
8802
1
33
3
733
5576
9
4470
821
5328
100
35
7
2958
43
7
92
8605
4
5225
7470
9369
9
3
1578
76
10
9950
9431
3140
6363
51
9
5
9764
683
40
9699
10
28
8413
50
7
3086
70
604
7362
452
9222
3
10
8294
2
101
25
8724
585
81
75
9341
2064
8
7304
6809
10
10
34
15
7
13
7336
938
2
3
80
7526
1660
0
892
72
3982
29
45
57
10
300
889
4
4
5
1858
71
1714
68
4
6
10
3883
745
900
9180
5
7226
26
78
9237
7644
229
189
36
8702
7
6011
5
3
0
498
27
1
600
158
1682
4419
442
19
8972
803
3834
217
75
65
0
3
2
768
8
19
513
514
19
5
46
522
1396
55
0
0
955
945
10
4
358
74
95
10
10
983
0
48
721
520
59
3
916
8807
7632
8844
58
6371
5
506
221
0
58
855
8492
795
184
2066
472
409
45
387
10
85
77
239
29
7
5
70
9508
59
1139
52
3
4
52
24
9430
7
895
741
144
1
55
9519
5670
61
26
738
58
170
10
2
983
8540
10
83
1
339
4742
4
5
30
3
7
2
2
98
4
1
512
4033
69
26
57
8691
158
1819
1
81
3
50
93
3785
0
147
159
400
1
6
8
2
65
82
553
5715
9
6296
759
526
58
3093
79
313
56
83
550
662
81
823
4
385
39
1270
412
54
746
9
3
58
6
48
685
5
4465
5
9133
46
7978
451
26
855
8489
563
76
2279
10
168
62
2
4924
2918
7
633
4
398
0
40
2049
671
398
389
439
1127
1
2539
12
311
473
6886
116
7950
2
35
34
916
7
7155
19
236
7957
10
10
7
68
931
908
5
69
2
2
796
3443
1
327
2
67
185
796
393
495
788
48
46
430
5
7
7448
4
6545
8834
891
25
2
7697
8
90
7
949
3
64
2673
82
61
76
10
12
10
2852
236
4487
41
253
233
5
16
4
468
9978
83
7
3
213
3731
0
674
3799
91
43
87
709
2
2844
273
223
0
1
64
609
81
6845
9
74
3578
4
8
47
108
842
8
62
20
4120
1
164
0
2045
53
181
220
2
496
9
75
12
9
0
6097
77
934
2332
481
70
23
97
4683
8
0
13
903
72
10
6380
8363
3802
944
2
8012
231
711
7
216
2
1768
2
1
851
2392
5
551
44
3123
5
4
330
60
226
3
9
4164
682
933
5
91
863
4
9
594
362
1
4862
10
7313
722
7
1
88
0
1
102
261
59
28
91
9
27
7972
94
7
7
615
9324
2224
2
735
5420
687
466
8
26
6210
6
7514
707
936
28
315
3
5362
48
1
229
4
43
6731
11
2
46
8081
75
655
60
954
10
5
414
42
39
6
5092
7