1109
70
531
40
28
36
88
836
549
10
554
8211
46
1809
9611
16
172
280
313
9999
840
7305
269
32
1
556
14
101
9
61
689
9
670
4
699
7
63
1638
7777
860
675
44
39
180
80
0
11
4
5049
2
4
1
4
35
308
10
2
16
67
4954
9734
82
4
89
3555
6
9
4229
865
34
1526
2
1495
603
821
901
14
20
46
75
5
347
9307
2135
4291
46
605
328
9731
8
252
33
6
344
65
3758
379
4602
821
729
82
6738
10
269
5845
8
85
871
7717
2
4
0
3
441
128
4
9436
3250
9
26
807
51
71
4
36
1608
6
4312
253
135
600
555
44
866
7657
963
1
598
3
28
7327
7
723
10
329
2
2644
8043
9024
76
181
14
2539
56
149
375
4
84
95
92
3133
6
34
574
8198
8466
2208
4
177
61
3055
7264
6182
3413
835
2
461
813
3778
7
80
91
10
965
7792
705
79
9562
9
8
778
8431
1
3928
2663
6838
82
700
545
3994
550
6026
2
273
3
5615
85
6
3096
437
67
25
235
362
69
5
1748
2445
6
0
5175
3
769
545
3
49
10
605
8
5
4
25
49
3
6614
2
3246
3
4
11
3889
92
4860
736
235
0
459
90
8
94
8799
9773
8
55
3
7138
8
8060
98
714
2889
2
84
267
712
1730
8
75
54
65
727
2
534
463
6711
6
2
37
1314
4753
2056
5762
91
373
950
10
6
926
43
36
9601
87
8
0
28
30
4477
2
730
2
26
23
1
90
409
4276
83
5
1527
8
9
216
95
8986
74
117
47
0
68
357
3763
0
250
21
4746
3
1
33
65
3
211
34
70
5909
700
8559
102
446
36
9
3583
6142
706
8
61
77
173
2663
10
63
7
3221
3
749
8088
12
90
10
497
666
2501
74
2143
726
2844
2197
100
79
319
7
949
854
6678
10
427
16
12
373
850
124
844
919
10
67
1103
2666
9
411
340
0
6926
10
1
7
2155
9
936
2
6
1254
10
53
8928
270
8279
425
4245
8093
919
1
62
6
8320
5
1
297
5
97
39
0
3
238
258
2462
2148
314
7
235
0
0
671
53
827
8886
258
5943
2634
7950
953
46
4
304
73
5
3587
3
142
550
4533
540
971
5518
827
83
12
2
7
2
45
633
75
135
496
933
916
2
886
9247
9052
88
763
3
74
6
269
845
8
7107
578
6365
57
721
1491
23
0
1974
54
8
100
3178
72
29
128
9264
4249
536
7440
6
99
357
1411
130
699
961
6
78
97
81
336
10
346
3198
545
72
5363
590
595
9545
31
0
9
511
7942
68
85
19
3304
323
4
85
1878
717
3
6
9
1
242
7277
437
470
7
646
48
8796
866
6881
9965
7732
45
0
4982
224
744
85
6879
71
325
885
6735
3
248
53
936
43
2
4
684
4
986
9
74
6915
3
99
9947
1
42
453
29
8638
85
920
5
7003
2546
883
2533
341
98
62
0
6
57
3
9
0
51
8696
253
4175
709
1
503
5
238
738
495
610
56
39
5
171
417
54
7721
16
35
762
1
0
93
28
330
0
93
2
2
5
49
89
33
6167
3
2
34
896
6
474
26
87
470
3305
474
47
416
98
98
90
4722
8
44
1
501
89
2
6
45
7745
77
52
7
11
88
64
0
2557
9263
634
0
87
820
4109
93
712
838
269
3301
1657
80
24
0
8814
741
0
5
6559
504
4
2158
7399
0
134
9
59
651
2387
752
2602
769
1
71
1705
1780
113
1762
727
3318
19
10
437
39
1540
10
922
8720
93
2373
559
0
91
8
40
428
665
7808
8
6530
599
0
3
3
3
6
3807
56
2422
519
10
38
6
459
306
3
3789
7
51
2
64
8
5559
8
3
8919
381
487
74
613
3
5106
52
110
8
2
19
447
4
7089
4
5853
596
73
0
7941
738
1
36
8302
5344
6
908
78
224
80
71
3
2925
1521
479
51
4061
726
845
9535
6649
108
6412
3
64
6
1101
71
67
1640
2
307
626
9746
5374
6024
738
2582
825
9
9
305
313
28
80
2
73
7
260
8
193
721
3886
53
193
16
8
651
16
72
72
3358
2937
0
8
7661
0
2
9
7067
4
7
9471
82
10
3599
7
723
26
980
5174
423
10
920
913
3
10
6
2539
524
0
888
6
10
24
2
6
9
81
22
2153
67
904
94
3
259
6456
1
525
91
3564
2
83
163
21
0
4056
4
4035
740
727
45
8621
9617
99
13
8180
2
8
87
3127
231
48
3
2001
4795
7
83
62
8584
156
960
6
538
90
10
46
2
973
3
192
6
4189
9460
7
8
8
6
195
7236
9
29
2616
763
25
226
6
2335
11
63
2
404
179
4698
331
539
2
99
212
2052
388
32
923
74
52
920
32
61
7724
1603
0
94
608
11
81
7
20
5
4
29
90
10
9075
516
3494
4388
56
7
789
9
88
574
4343
7015
2
7
96
160
15
17
5213
6696
945
521
5805
970
71
6
14
1
70
96
739
4629
9962
11
29
25
765
251
3
3
6
3
2671
673
340
14
15
837
100
4577
8
101
1745
10
109
9
925
619
5122
6202
66
21
43
9
6587
123
638
66
6268
164
3182
8264
506
5486
0
383
7
3614
1010
270
10
6731
4
332
1119
5572
8
6
7934
26
5267
775
3239
690
7
10
8740
47
25
5251
2378
49
310
2512
4
3
67
9
2581
3527
36
901
236
7
18
916
80
5
4710
4
69
2
10
8572
212
1
0
873
3716
8781
189
1338
747
5
387
10
3156
5
64
1780
18
550
5
75
770
1701
469
1
80
2
71
56
21
98
227
2
93
10
11
10
3809
0
83
31
9
7861
62
8
6173
795
747
474
935
301
5854
30
9
3
39
64
1
4
2995
6080
5
815
631
487
77
0
194
9
9
77
766
83
2951
1880
5214
10
9
8
969
798
62
58
5
389
683
15
170
75
917
59
7254
7
93
6535
372
5
525
2
240
1
9583
5496
59
8368
33
4
181
6461
96
0
366
602
53
56
5
1
7432
9774
88
50
345
652
6284
3
168
77
603
432
3005
5
69
8
5864
53
5250
5320
2
93
12
10
34
48
7
6192
960
423
7
404
8055
728
8
212
60
30
1554
978
168
5402
43
745
45
7411
66
10
68
7860
10
99
7277
19
4
1
7
569
33
32
74
2
147
52
1
8
37
507
498
3
843
650
8668
2658
59
40
8
52
233
4070
2
2
530
537
2039
43
2193
6
403
1266
3909
769
2470
7208
221
7
9
3851
0
1431
487
39
57
718
537
6698
8
0
5868
623
527
484
9993
43
10
1
739
92
7
3557
8
10
3111
650
919
179
14
79
58
4
58
65
3780
28
9
5
1
83
9
176
10
10
9
512
81
64
722
5770
8634
9297
4
9
85
471
737
134
342
80
607
8
17
135
599
341
1839
4440
42
551
524
600
32
4835
13
753
632
7520
439
70
846
194
27
685
9
92
8
42
70
3
35
7
75
78
98
638
2
851
941
42
6562
2
0
59
0
4819
84
7597
4
2
50
448
12
4
663
2
25
869
9121
26
7630
63
1
218
18
5
706
3
5
4916
5
9
755
6
5810
7
368
93
6
4
4275
97
45
8575
5
0
168
1
126
6290
4
8
7697
1727
303
6
723
2
8
2
3196
5
54
5
412
4411
487
8
63
885
45
7
3
374
256
5
6433
8
53
62
10
1448
7782
872
9357
8
274
911
2
2
89
167
14
6588
6042
39
51
659
35
51
2088
489
2432
8
9306
57
222
1374
9
8
869
62
3
6550
0
9
0
7529
17
3693
2
100
185
3926
269
579
8120
68
1069
4920
2433
5
5
7
837
7009
1313
56
524
640
4760
333
8
9
46
7
7
786
48
4
9728
4817
4298
34
5813
4583
1
946
510
105
2317
46
8
1
95
10
1345
648
316
4
10
23
61
2387
912
31
8065
443
6793
49
8781
100
829
770
754
516
14
688
852
9
8
33
97
0
83
9
5
1
1374
2080
84
3
68
53
35
912
61
8
2
80
535
6
211
19
461
852
347
1611
600
8573
4
64
97
8545
538
84
10
6839
391
1070
217
784
583
6
94
76
907
785
333
73
748
97
77
2072
5211
4
419
80
802
5
235
8327
216
699
39
2231
8540
4
2636
4
16
59
69
73
92
94
8
86
9
6
65
607
6644
8706
40
3
102
3
18
5099
55
62
620
605
2
1887
6
4
6
9
432
1
64
8
6777
3753
949
40
66
562
5126
5
97
9345
2
8875
3221
285
22
1178
8
4
3727
855
0
459
57
51
5
5059
368
1693
0
161
8
975
67
1
2241
3
8
10
467
9
56
1013
4
649
1
0
94
10
2788
0
18
4
8
3458
8414
28
612
7899
0
1
2
706
8084
5987
8
8
0
6
604
79
3
9
8
58
859
9773
82
92
518
318
181
45
0
58
4334
4
33
4
9
7
7
36
7371
757
44
23
4282
74
4
31
7333
860
31
4
9
363
65
919
10
17
612
9656
2
1844
202
13
3
4
52
88
40
8661
1
68
250
250
10
10
0
9207
9314
3
198
302
10
104
5963
7
10
17
42
670
6
10
5
1
257
4100
412
491
912
694
631
0
4741
0
7
5
9
158
66
7174
657
9
6
10
918
91
681
1
4
5
511
979
6122
617
24
0
21
194
40
513
92
78
11
76
8
5120
7
1892
3
8699
7
6349
2787
32
7
845
603
5890
1291
334
87
920
2
1
0
6601
5
6
658
5853
95
5
4739
5519
7453
606
2
411
1
3
1
182
4
8551
112
2500
5
503
92
1295
2
39
76
3
1453
8513
6148
954
6
3
53
44
746
56
704
42
144
9
5646
595
10
7067
88
272
74
6276
957
690
1
7
5
40
138
457
424
3
5625
5
460
6051
1276
9767
105
10
1373
87
29
8083
4
44
4468
82
47
4
3941
0
9
44
114
87
2