96
220
9362
364
1
1
4141
444
302
8735
4961
138
907
1
2
68
0
8
34
2170
63
3753
155
39
9249
4
8087
10
5
6
25
258
0
3
66
5194
0
3734
1
377
646
6
957
19
844
386
4446
2
2
377
40
288
7213
875
7752
65
7978
645
307
8970
59
4
58
910
5
77
7990
9
683
643
3630
78
371
4159
6208
2132
58
1744
5901
3
4881
2
8
378
27
50
8
99
5441
2742
4381
8703
673
8034
449
0
7
0
383
783
7038
5
0
257
290
8197
3
675
24
23
1
8405
12
6
323
265
67
8
92
18
764
3
400
454
6464
10
9770
37
148
7
27
0
4766
8
735
821
359
614
66
2
60
51
68
2500
0
22
1875
5068
228
100
536
4898
243
8
11
6865
2286
5547
5601
18
694
809
5
746
354
798
414
255
19
9329
2
35
3
724
623
7285
90
61
7
535
93
8301
6
47
7353
7
5525
3113
6
423
735
10
54
7
47
18
61
48
1201
868
8
93
9619
59
581
27
1145
51
727
0
10
88
2131
533
5
5664
2544
981
667
35
6993
55
720
83
3
67
9
337
95
383
1
980
9670
84
7130
378
66
8
85
4
464
64
845
60
1
7
10
3
465
10
9
530
91
9937
1896
63
54
1218
44
3
83
3248
669
87
9876
6201
780
356
7371
1951
334
64
78
5
58
530
5500
7
93
609
5
2251
9
311
10
4040
2336
3
480
5
73
8
421
221
98
27
68
9335
8
425
400
702
5544
6
1
912
75
5
1
0
517
839
500
32
1
4
43
0
97
9560
82
770
6
6665
1
10
395
934
9
932
9
990
660
301
6983
4571
6
1
8
0
1432
259
341
46
332
13
4
8
68
2
29
77
6275
927
8118
1
10
73
6762
33
215
68
56
3414
235
5
990
62
2
20
8
7538
59
38
498
3
56
34
5
4503
706
474
6835
99
4
51
59
9259
582
85
4
9
540
10
2417
949
1
27
11
0
142
1
9
86
235
51
994
5
380
61
101
70
4651
10
3958
6835
45
5
1
10
9635
905
636
9167
85
420
9
763
8
80
9608
0
4
3594
38
86
413
1109
2
2355
9073
5
1
668
5
83
0
57
4
908
326
1
8
95
2305
9080
59
224
726
53
5385
5
390
75
2
871
136
5
75
84
202
437
3265
8
92
0
0
29
38
1
7
17
10
5510
9
9
22
10
84
2
8
78
44
8
743
65
628
7
545
7
3
52
981
93
80
59
213
66
3
40
796
8407
3
698
3376
7
3920
0
1027
41
6
26
1
760
8
5628
945
865
61
8
5
9
5
893
2
5
33
27
15
9587
40
992
8
3447
7420
2
996
113
151
6
25
8676
49
3169
1016
98
2
0
6
50
80
1
4
671
9
5
5566
29
2
7
1
751
98
6342
82
770
615
415
15
2954
659
4005
799
7
965
7738
29
7
642
85
1333
2
3555
99
5
47
29
53
2
6
383
3
8891
23
65
1
5
20
1
7
185
6587
94
8639
217
19
9392
812
3826
152
7220
550
8
71
20
2842
12
92
4
80
6037
52
3234
3545
1422
2
596
51
953
2
221
8
18
6
78
10
7705
10
9805
0
439
73
314
74
3
1832
8
233
7
0
585
83
16
9925
202
804
1761
3634
175
864
15
4
5
75
46
8
4
79
4639
4235
923
8
23
37
0
21
5
89
8
1877
7687
646
5
7037
3
8
19
96
6814
91
998
66
5
853
10
10
542
96
776
53
425
7121
34
69
41
6047
61
6233
3027
702
89
5889
685
200
838
8793
209
8541
486
2617
579
10
636
33
9964
2162
69
649
6
0
61
5
51
2
6
85
0
3425
90
590
7257
2856
315
8957
1170
2
95
7722
1
3239
19
77
260
10
82
454
6
8681
148
8839
296
5
385
2
4
83
217
2740
433
364
22
3
160
579
0
66
80
9933
46
81
8
8132
4445
3
7
88
93
24
52
9096
422
27
676
4
7717
5
239
7170
8
558
732
326
4007
72
651
4
9
4
9
1
88
4
74
4
4
1428
393
91
205
62
9166
798
8373
31
7
92
9
7895
1
63
1720
9
1753
4052
1803
656
6
745
980
2025
33
57
89
1368
41
29
2493
440
731
3243
98
18
411
47
81
42
6533
329
2091
2518
10
28
65
59
1747
707
96
6
1748
5172
560
6369
6
5
2
110
66
23
475
9123
6024
7407
62
64
10
948
42
767
95
7119
30
3
434
7900
3867
2
96
8497
79
73
5173
947
8
488
97
1061
6620
3
8
68
5006
1865
75
1
1
8
801
23
1
5
5
59
5
0
559
66
21
4052
978
9
1
4
659
622
78
300
926
0
2
8
4
2781
5
449
22
5
52
7
258
1296
10
6
412
381
777
814
2
27
28
4906
61
989
6
9636
6085
878
12
0
4
44
46
516
64
651
56
50
12
79
9
391
1876
9
6921
617
68
2
9303
2
4
90
4
96
8
8649
766
326
1380
4829
8331
6117
4928
2
9
461
1
94
39
9
1789
5
770
3
9
73
0
5
8518
38
8953
4675
9015
785
3
7998
4205
7
352
5
740
7719
5
8980
36
5444
2
6
9
1
31
4893
8530
8
46
909
7
2
3580
6
31
4308
97
601
6851
68
91
53
14
2
8
193
294
51
6458
21
148
4
25
39
202
473
1
65
0
3
3748
9950
294
969
70
856
10
278
76
571
5
58
88
9
10
2
634
5
36
12
994
25
21
322
28
7
678
4
233
83
400
5
4453
8
502
983
5
0
70
0
61
974
44
6
2949
10
7
3165
6
54
2813
20
6
10
5092
60
10
639
94
1824
100
1
2
51
522
2720
83
3
44
345
55
64
34
30
6
5
4189
6380
88
4
2708
7
39
0
8
14
14
6675
67
6709
7
493
969
50
1927
34
7108
1275
788
5
6
7285
86
8
708
589
7065
7036
939
101
828
57
20
6529
14
2
7
7
20
687
10
66
2
1359
57
627
958
436
5214
4
643
1142
401
1174
8615
3
710
50
35
4746
2601
8
8926
440
34
737
6
1401
472
8926
376
7339
6
155
75
2
30
7082
4
75
5
8053
9597
8355
3
6577
6
16
636
128
4178
8403
47
87
4563
6321
6
10
591
6494
9
962
87
75
2
10
6408
919
8888
11
683
2
0
4
5927
6
9
289
453
4983
6
650
5286
864
448
1
569
4453
7201
10
3
34
801
19
10
5514
5
4
302
621
6
6
2
5
9
7734
1465
26
6
50
10
28
968
5568
361
7
10
50
5452
47
717
0
69
748
2
8
9
10
4
540
695
709
10
3614
9125
46
5955
2
1
11
499
0
2
8771
1
5776
59
571
5209
7
91
25
89
56
3675
977
75
18
9
2
10
1421
87
263
6315
10
3
71
6596
0
951
0
80
6
6121
9740
7
648
27
5879
6
72
489
395
100
1226
88
0
4561
22
3
6
9448
8398
1
32
8
643
785
0
2675
269
9
6192
875
654
29
10
7
934
271
2695
571
456
182
58
274
5
1321
160
6591
586
1975
1
44
4132
70
4
41
302
2
7
581
9
42
485
3
63
5043
3385
557
549
561
53
77
475
175
750
7
590
0
37
6424
3512
196
30
86
259
39
59
9
0
98
10
0
89
76
24
2365
3
209
43
1
68
14
8994
6076
651
6
7851
1
1
4
970
8
5830
977
2321
3809
83
4
44
7854
4787
11
9
301
55
4
312
78
9318
40
8982
9
9
4806
2
51
8
9
65
44
92
2622
3
35
4724
3120
0
2895
63
10
972
7
92
8
8005
8
4193
86
3401
6271
500
513
0
8
7103
0
125
3
123
935
411
4026
2268
25
516
59
2
4
5
7703
7
6
529
22
592
701
178
594
27
4673
723
253
25
771
19
5258
150
91
8543
3877
256
697
362
5114
7
962
89
5
37
5
50
482
100
99
4
7
98
356
978
46
8899
66
6
1276
5045
4588
0
2977
504
719
27
0
2
872
595
289
6
859
230
872
220
408
0
97
8080
778
3
5
26
953
974
275
230
6
6724
952
909
75
853
6
722
26
3
5084
2
78
2
9
9
854
42
1
32
505
1280
8584
360
5
4
859
43
478
37
7226
3
200
3
100
72
7075
4031
44
10
755
5
0
2127
30
1
48
1006
2157
49
4
75
85
358
9356
7509
7088
5
1962
3
4
1894
2031
482
535
240
91
9217
7
68
982
6
1
28
10
80
1902
20
1533
597
364
10
727
8548
6146
4
53
10
3472
53
5
691
630
8306
2579
4319
15
8867
7557
889
7
4
71
9329
594
906
78
1
9
0
9473
8208
3
83
5588
904
50
690
395
4176
6079
876
41
9
8
1
7486
8857
57
59
11
5
8321
786
587
4817
7240
859
9
2657
42
3
92
9
5822
358
1341
88
33
1
727
27
48
728
8205
4473
265
9
58
78
682
496
0
3513
27
9490
80
7
63
3665
4
3478
9
374
4013
72
8973
486
102
9
62
84
2970
8537
6016
230
47
68
46
5799
1688
6384
878
863
63
388
885
51
2760
200
6326
933
5
315
6570
2643
63
6019
4
122
64
0
6
58
6640
1
1
5
130
10
58
40
9
3
7331
798
30
620
83
1760
2224
7
44
7
2018
9
3
9
524
100
375
6
552
9909
0
6212
27
42
301
9
3
3656
39
27
735
89
5959
52
2
339
7
46
390
4
3
41
1
2
11
611
7970
3329
360
3546
325
10
48
87
8
9819
49
2207
268
7956
828
35
303
2
4
6
27
6112
184
52
384
1
9011
6773
155
6
94
45
97
84
5
8752
7692
27
576
760
6250
4
4
55
1197
11
5
27
16
774
238
7
68
175
6
8832
78
52
607
8
7
41
0
715
4981
2992
270
52
8043
3599
825
38
6
9
0
3
75
2782
7358
8415
258
2
9
0
6939
170
6
9
875
40
4
77
878
2
495
2
12
453
32
174