10
6706
707
42
3424
123
8
6060
1961
6
7
55
6621
10
4
20
14
979
6
5800
165
2
6
24
800
38
1
7974
4573
5
73
1880
55
311
2
7
39
0
6
58
0
4
9623
952
71
687
5
16
4077
0
8981
47
9718
572
1164
59
4
2
249
996
130
63
2328
50
8
2
6989
538
9021
8
7997
99
4395
6993
5
7
1
90
450
990
9
53
309
643
45
4
204
9306
8963
65
45
94
62
87
4559
1
5
3
8276
3
70
133
9
3907
0
3624
83
1
100
898
7335
305
8
476
582
60
711
5
55
0
354
9
14
96
353
806
2650
243
5587
5
58
839
161
835
61
10
4
7
691
380
890
439
242
784
1532
281
4
7027
288
4443
8304
997
10
379
0
8433
8784
7426
9
0
81
8
51
1
6
1099
54
323
4457
9529
1
566
166
2945
1
1
5425
0
49
5010
6653
4
15
2822
4427
2364
733
9172
34
62
4
8
692
1
5
6820
37
3217
223
5
60
3046
6517
65
3959
9
54
2
0
84
1
74
4402
886
407
1
42
0
3
13
6720
6
9498
581
135
93
338
9665
49
0
1995
870
1
6
4
8
3
50
405
8289
7
26
3
6239
6
605
51
8
44
164
1
5
91
2116
11
8
6329
40
872
63
8937
9
144
40
543
8
15
628
3
434
0
9935
3
8
957
32
10
3
60
618
10
776
7
0
689
6096
71
38
501
10
451
1121
8846
1
36
90
3
91
372
1
6
5207
4929
10
22
6
5519
0
7
5106
4
0
7
2
1264
2980
6183
105
87
4640
9057
8340
2796
90
7623
972
81
256
6576
356
332
541
6437
111
995
8092
3404
9984
8885
518
4863
20
41
5288
37
678
2
126
67
0
425
714
7
3
2520
4
180
174
77
4
5
9177
6
4387
58
6
5100
7813
1184
291
3
792
0
536
7
290
509
6476
90
2846
81
845
0
3320
89
616
6432
642
3
6645
2843
685
7979
98
9892
2
5
51
9734
961
7180
95
392
5
7022
839
5
84
210
8
53
64
8
928
3264
21
7
9792
4237
6
10
2774
4382
155
1
9
1
5019
41
7
234
810
115
3963
441
9
33
6
21
4
8946
8635
298
44
854
288
9821
9095
2100
8
6
9
45
5652
77
545
6
9534
2
1898
10
7
71
30
5
60
612
1112
748
9
2157
517
405
16
37
9
34
327
7
0
966
843
419
10
587
33
583
856
9713
8242
568
90
70
2
7
4363
405
151
3704
4267
326
864
36
6887
41
6304
731
414
0
2573
8626
792
873
2780
6797
84
149
9560
52
312
7
30
86
6461
132
0
38
3
727
683
7
4020
486
6
131
331
1989
9
580
94
7
5393
17
2
5
684
7
2160
35
19
4
31
8895
8199
5986
4
2
109
954
843
75
6828
0
7
5731
6858
89
92
1668
2854
10
407
493
7
8
1378
7
54
75
4
98
4
5
80
7641
8059
132
8
10
5
0
7
865
695
15
8
1584
756
9116
1324
81
8
9314
6368
2803
7465
6331
4424
231
52
7
169
261
1667
487
42
6124
10
29
998
79
23
4078
67
96
69
6
46
6363
514
1
790
0
72
278
5593
6
248
6276
50
1007
49
136
13
74
2
6
31
0
20
74
4
443
574
220
1
72
5
969
2
42
3
2
513
4
415
18
748
10
456
21
9380
99
0
32
5078
913
769
7294
6
5750
85
8
697
8
9
77
8217
4
4985
8
7
94
749
91
1037
988
93
593
8
64
0
503
335
5
344
5
4
8185
25
2
87
2260
1
24
3
67
462
12
9
0
8637
9590
2221
408
3740
0
37
3
3
801
7
4
47
7541
995
326
86
10
9
8
3910
60
6796
94
195
4407
8
7
27
394
3
4859
6612
9
910
3
7475
3
22
10
24
181
7
82
5928
5243
591
2517
6
2371
535
8998
79
485
97
3280
10
79
7
2
73
908
66
5060
5
8
548
930
6
968
314
411
70
5
104
1
2546
239
64
954
3
9
3
268
369
37
3
153
2
2856
7
10
98
50
5
6
6675
416
74
337
4436
2033
70
10
608
8565
7961
44
54
3393
689
575
994
9
3
7
4
10
668
161
2
3884
126
9367
6
265
27
377
100
3753
10
3084
7343
37
10
181
0
9417
9949
3934
49
4
0
62
5
602
730
30
7
7047
3
965
4133
9428
2
9862
9
984
4333
371
2
2
4
3234
283
489
296
6
824
44
51
0
668
0
8
8430
50
903
815
5
277
4
4
503
749
3074
187
156
88
7
401
9
28
62
84
186
7
723
2
5217
412
663
8
7340
1425
14
9142
6
482
799
9
89
98
626
10
79
4
4800
2
341
10
4169
61
2
8702
25
3
83
78
4
4566
863
4650
0
3
9398
763
99
1949
269
836
60
78
752
6130
9468
220
971
9011
4
9
214
19
0
7
3666
396
5829
3
42
2
945
7251
9251
224
74
1791
34
381
57
1676
32
2
9
407
355
7
148
6171
153
47
1
1
0
9
2153
93
324
7083
379
7136
931
231
225
9
532
865
51
40
6814
4914
5001
1
606
665
2131
824
61
2
6
18
89
3937
2
669
3108
173
4477
61
6
82
35
7
6
3087
200
2
46
959
7
13
3
7773
380
5521
9
36
74
59
9109
9
621
88
1724
7
50
495
2747
0
3772
129
0
45
89
5
10
60
89
7
573
1362
46
9
6228
2
567
1
4
6325
4341
1
170
962
6
5
10
3
77
10
6
128
0
970
54
627
2
2
10
6
7
47
7
856
0
534
6
9337
1000
5
6
21
83
670
195
41
4
4
68
49
5937
708
6
5
6
3813
1972
755
16
43
9
8
987
8403
66
9
549
7
82
200
296
884
5
9
17
8
8
1463
29
27
7760
9
4
10
83
132
5763
69
590
3
4499
7573
95
887
323
5
398
17
88
4
31
783
3
8319
1
4
920
5444
174
690
4
38
9025
7
4969
96
4
12
7094
4
7083
4453
964
8
19
9
33
2868
3
827
69
9247
5827
5031
1
8508
992
89
412
1
298
66
1191
60
735
5205
79
9962
825
762
0
4
7
7442
3
1862
86
83
6
300
6685
774
2686
8
544
72
5148
5748
2739
82
1
527
385
858
48
882
69
624
5024
8072
0
6
345
8485
46
9976
1941
7
54
73
633
226
68
14
6
3093
2540
719
7841
2156
810
10
48
5
8714
0
5911
7
8
788
494
58
91
221
20
188
83
1742
17
7
81
40
10
11
5928
7521
868
5061
599
192
6806
8488
5
77
7466
3
5
3
3
888
0
10
92
307
9
28
70
0
4355
59
9
656
671
55
98
1
38
3
874
3
403
8656
6593
5492
187
828
321
4
766
36
37
3
8
4
6
1
8563
9
4
824
2431
9
92
604
569
7
20
498
3
8
2786
61
58
7062
9452
97
3
275
0
100
959
21
858
6726
4334
75
9
2998
896
5
77
798
880
4
163
614
2
5
192
6
169
6575
436
66
1919
7568
6
3
22
669
766
7
6799
8368
588
810
335
4878
812
91
1
669
82
5
187
49
607
73
5
60
4429
62
19
36
7
523
8
4
671
439
2207
70
3
4045
1
13
194
387
64
447
9845
36
80
5694
92
8442
73
7
89
2182
4042
171
517
22
5864
3
583
895
5631
39
3
621
38
541
2
8
6204
7
39
3
5
21
3124
40
1215
1
61
5
67
3061
3
1
1116
23
6
10
8397
8275
2
9277
9
3975
6422
5083
482
965
10
73
56
86
4
2
4083
246
329
976
15
57
97
45
0
609
8594
806
104
67
3
1833
70
6567
757
752
6792
2281
6037
79
100
10
9
219
198
64
5
677
2
715
65
71
9
333
65
1
10
3135
6
9
9
9204
6405
301
74
8469
2
2118
343
1210
28
39
6
271
3574
4193
555
2233
176
4
62
6
318
77
14
9358
4
91
182
5056
41
8876
25
562
9
46
654
569
2
64
46
2563
4096
6971
904
47
51
88
20
7762
4
651
7
8
60
781
240
7
1
5
188
52
324
3156
7
1
533
39
5906
915
22
877
54
32
953
980
69
67
91
432
404
34
48
137
428
9
70
7
44
7627
41
244
6
7
5536
0
4119
129
484
70
58
55
605
206
96
4149
4599
0
1
5
87
61
851
56
5500
9
1237
5
718
32
8798
700
6946
4173
3129
820
9
844
2714
1
28
9
638
59
1
88
353
8398
8359
2598
90
2884
669
1
1
4185
10
2
881
1
22
73
10
5
3
27
5165
665
888
2
5
26
6976
27
9
3343
4
5
9942
1
6
547
70
6
0
907
4
681
4405
0
7
277
94
45
5312
4432
8
25
8191
0
4582
314
782
80
7477
228
432
6791
8428
541
5
22
30
95
2530
492
3192
8
3168
5
213
9220
903
697
6159
5844
173
954
1
594
13
0
8
6
52
44
13
1763
1
7
532
567
5380
4
5700
9978
783
10
6977
381
8910
2
18
26
1148
49
47
89
3838
0
8
6027
3
592
71
6499
834
958
98
869
4
8360
8
8
1049
6
1
9434
1636
80
2
3387
86
997
23
97
7
68
93
9
92
66
56
8
83
2
57
628
2062
1
68
8
0
729
7399
10
59
9
90
353
926
7
6
8
4212
5
736
869
51
9
762
359
77
42
8
2976
55
764
10
867
4948
191
3295
8
4
8
50
3087
46
523
43
8568
5135
22
1
2
9
45
88
1
4
231
485
196
0
87
62
8179
1713
5714
451
8274
6156
2
815
1916
6
129
765
1506
5
211
5
9680
14
242
5
863
48
10
925
360
76
6495
13
236
72
643
38
12
613
0
3753
89
4031
4418
9
9
207
56
125
753
0
5
20
1635
10
9078
5271
0
7
9585
10
9
7196
160
669
3
0
155
607
43
10
157
6640
893
10
9
961
5605
694
4
913
4
67
5882
5
26
23
59
10
7
772
9
30
1
2980
42
1704
295
400
1395
927
22
