827
47
88
408
74
5
8010
9
3907
10
40
75
4540
7
16
5100
86
9003
6
1815
405
8
64
3
5
302
85
9526
9
3429
5393
398
3108
10
83
83
979
7
491
32
6
10
7
3285
9
0
297
75
111
6732
4
5
971
820
4631
8333
88
781
2
227
9410
8215
5950
890
48
69
3920
65
3387
3028
606
7969
7
8427
3347
4664
5836
9
8
421
738
2
10
4375
38
50
3774
5
4
8
799
7218
195
10
87
3045
6
5
1
9
95
7
6
4
66
738
100
87
17
939
307
822
7451
582
12
3289
4
71
36
8
159
551
8
9
4
453
1548
5
551
414
636
209
7318
4
4709
9
210
648
5
231
1
71
9170
74
368
7544
129
43
4
5
59
66
382
24
60
2
90
7763
7
8558
102
1263
76
744
3425
97
4
9
1723
6672
84
68
92
9
10
74
9
10
38
99
7926
7
9
2968
61
7753
64
100
8
936
85
12
7691
3521
382
2
5
9265
25
0
6
3
833
191
24
2
76
85
1
803
12
6893
27
8506
797
478
25
6
2345
76
3928
764
3
43
299
60
19
2
92
116
3
96
6
5
4
955
217
9426
6266
43
765
53
3
884
0
8812
9
138
409
8507
0
21
549
4
67
88
2882
6
74
735
10
1242
38
9
10
64
7771
623
60
5354
62
4
30
332
2
8041
4
868
68
342
53
1
994
50
859
2993
73
417
690
11
3
42
0
6
1690
266
8
1257
7
66
132
93
2
33
4147
10
4898
6
74
8623
356
284
96
1
113
80
50
91
2944
39
22
32
356
10
40
0
72
299
9958
1
7
4103
1
10
4
6857
7
4
9
27
4
7
6368
4978
93
513
10
8
35
74
9
11
834
8715
726
3558
577
63
686
466
6
741
5411
85
10
1704
8
29
98
596
3
28
541
105
13
2
1
9919
573
7570
226
2757
327
6
3
796
7
814
9
572
7
13
4
55
3
7
73
5
752
128
4
1
42
843
4
7
793
790
92
86
2
1
61
902
81
4
1
16
4
5
71
9
2
2
58
13
5
4912
2618
266
2
340
94
27
9539
70
5
39
59
38
7834
7
0
941
7
4
67
2798
893
404
782
312
700
816
7433
89
9242
78
10
9
949
75
27
26
6
9450
68
5205
176
768
72
6637
1
3901
15
226
84
84
642
4441
5
352
623
825
644
7
7734
9
8782
97
6
6
65
6303
9056
5249
192
415
7132
4
295
53
5
273
212
49
5
8
70
6
243
394
45
1895
7
4
12
254
922
25
410
520
1
65
77
848
73
91
10
7989
31
368
559
691
100
657
181
8
6155
2804
456
797
71
903
9
6
1
3219
86
0
542
97
3259
3359
854
2
356
779
3111
3277
12
89
6
17
7362
4
27
3465
10
3
224
158
52
1
3075
1064
10
382
470
94
9
6
79
8722
27
6341
1737
1637
7
9222
4899
34
949
65
25
1680
190
6203
9
2649
5
10
0
979
637
6418
8
4492
3381
3236
4110
53
9
8
6
61
360
5491
7831
5359
248
2
1673
5
9
8046
949
0
64
39
2
59
732
3600
7631
9
4
945
1
3
1
990
84
244
9960
955
42
28
8190
696
5699
787
6
4
4
17
7907
5
6
732
1
8220
3
20
374
0
2328
8
65
4645
414
0
2
36
4730
65
4
74
4626
9575
7
5106
3
10
14
771
72
4
882
2
4
803
10
549
8
5320
28
69
6629
5
7635
8
1
6062
68
849
3439
5
226
692
6
24
409
370
1293
0
49
54
4
2286
3971
8555
89
5
46
932
173
9426
10
10
2405
9
5190
58
721
6213
2523
944
952
22
9
720
8
17
31
7
99
345
26
1
78
2110
204
89
820
0
86
8
6468
73
1279
6
5
1
67
11
54
3280
3
87
3
424
65
68
917
10
1254
7
19
100
12
4162
42
44
1
3187
0
855
3711
91
34
0
4618
6398
69
94
1
91
924
7411
34
105
96
189
768
9133
127
369
550
5201
0
1341
883
807
4
8
502
6
1
3399
4
32
863
600
1
43
6838
249
8416
9
10
661
5
98
4
390
10
1437
395
59
1650
2822
7330
11
13
887
4305
4
13
60
33
965
141
34
1
7
505
9
440
584
38
973
8214
290
714
86
3
2
8509
10
0
10
81
9
5480
110
5199
2857
3
1
5471
25
255
655
69
10
6
8
9
524
73
123
116
7575
8
9339
90
55
2
19
593
3
1002
4202
5
846
10
1
57
72
0
985
8601
7
9
3
8
56
52
100
6762
7973
8
5683
4040
180
641
29
470
9
6
10
50
634
926
66
22
3
692
9
524
1809
5662
474
91
9
8605
29
189
8232
95
6
0
10
11
7
2465
5643
8770
415
608
630
2
45
4
5227
5718
9
10
81
4716
9649
7
80
6002
321
107
6
869
45
1023
9
2521
674
97
71
8
3
5104
99
0
727
8748
727
9083
371
87
522
3912
575
54
3
8283
773
6187
8
6392
275
445
100
6
75
0
60
262
797
5091
23
122
87
3731
340
1677
784
261
2
7029
7
872
2
3
8946
298
10
5
4016
872
9
1
65
3
25
0
2283
63
5673
8197
6318
2560
954
7702
6
59
903
286
88
679
803
57
290
3
4
7950
6
3642
6600
798
25
66
9
636
76
7292
56
3
597
1
609
2
8429
4
93
1
43
40
8
512
3
5824
2960
10
0
1
38
5261
68
696
369
693
76
7175
17
8
7519
5
3
2550
5
2
628
9
1920
29
4
4453
2
804
7186
740
81
81
2301
9
4623
58
6097
8212
992
1
8213
9
7502
3
925
10
9
235
4136
429
647
9682
8594
3480
764
0
0
86
195
52
24
687
36
76
26
928
2569
4206
20
4
9
0
154
5163
996
3
79
986
9
901
7
446
3
44
77
85
713
229
612
30
769
9
4
3
1158
8
2138
212
85
899
175
35
15
100
2067
8333
986
910
2266
264
4404
7
7674
1
35
4
38
3
63
398
9293
303
2
2
7971
6
3
7
433
2523
908
97
638
787
683
81
2
66
849
34
8
6
89
5
4517
890
9657
5
44
41
4218
8857
7991
2
7713
2
3443
6047
566
152
4074
82
42
392
1
42
19
2
652
8
445
0
4331
283
5
896
8590
438
788
638
9332
174
8
58
2536
61
73
650
677
197
852
9960
3111
37
8351
2
2310
7
6508
6
90
3117
5
7
387
2
73
7
1
1194
8
7
79
69
84
1
2559
607
16
7
4620
264
2
8
170
3
158
30
97
7
339
65
9
4
602
39
9
68
418
61
260
445
663
7408
7
3
34
443
2434
3893
312
3737
793
4469
9307
0
18
595
57
194
5
1531
8900
5
282
0
393
9
3
4534
4
516
9573
9
73
5457
8
165
30
9
2
77
72
5444
8
797
3273
207
527
10
2
7448
3
835
5
76
2
2
1
6021
485
3
6660
4
9642
10
612
7
383
8
7
591
4089
496
3
2
7339
2778
36
3677
6
488
8580
14
9
8
1069
929
258
7225
337
240
10
6
9499
7426
4
19
455
6774
3
340
93
5252
630
53
646
82
1873
8980
745
818
79
2099
2
3
822
9298
71
499
8
83
5458
9393
36
34
3
3
255
3072
2
6
212
5116
494
9586
416
628
17
4
9
74
3057
469
2
52
4802
31
725
2
1672
804
0
86
81
5213
72
6
6
96
9868
74
2659
352
188
8
67
373
19
8
319
779
2
5109
25
10
4752
43
89
126
5
1883
56
3352
36
8268
7002
5827
5517
2932
7
2
536
61
6
900
73
5807
1035
2
68
4966
715
7379
5
6
60
557
34
1
3
6
5
1
93
222
3842
86
1
43
14
486
68
658
239
11
5
6
2
47
1
53
4
2170
1978
800
8744
79
3552
79
71
9
14
0
242
88
2
301
613
407
34
514
69
663
4151
9408
73
8
88
7077
3
8389
2650
6994
8638
0
5
13
1
9
67
739
4212
8816
10
511
237
8
1429
169
7
606
35
235
976
551
5172
4
4705
831
83
722
8
5
6
9
0
2233
3
9
6
940
5
5
8
6
61
6960
18
83
8
9
77
613
42
528
79
3
917
98
45
7868
413
4008
4
6
2
2
10
987
10
57
100
3
7637
780
21
60
46
8
4
18
146
1133
2
9784
6
65
93
962
9210
38
89
24
10
81
2056
33
626
1
9
8809
2992
474
47
676
73
4396
2
43
6
1310
56
4
2224
8284
96
2
2
5
9
6
381
7729
9065
8263
4442
601
2
14
8640
6013
9402
6255
64
9
394
4
174
53
200
87
1397
150
8550
7372
1
2
955
3
555
6
1266
48
6
9
4445
35
963
1
7523
600
63
53
2363
3007
2
38
4
50
209
55
90
19
3
8
16
12
6206
2
41
546
3763
5
13
7
963
3
85
68
297
940
9
87
1186
378
875
78
4
81
1128
237
0
3326
39
13
773
9
589
845
374
1
868
1000
646
8159
11
4
5181
635
701
1
4214
8
4380
87
9556
46
33
45
6
6416
1513
321
5184
884
6
92
50
19
697
4
3678
1
14
2
4918
94
8984
10
2091
3
47
9296
9
100
56
691
9282
10
54
1
5522
8958
33
8374
265
9
490
911
175
75
977
392
5842
72
434
7
8
58
6188
382
44
6381
2
83
3639
56
100
91
32
1433
765
765
89
4
7
443
0
97
10
94
8
5
9
1550
7
10
2908
32
927
8244
89
122
15
533
321
85
255
880
38
76
38
3611
214
13
8827
9
465
5
299
802
213
17
8
811
690
6
24
320
28
8
40
4
3990
7
86
681
7
7581
288
667
8651
35
1
11
20
876
39
97
110
2
696
0
833
8
7
67
6389
52
178
59
0
137
1
150
652
1
10
265
8265
5
7721
33
3
3302
24
8
3091
47
5097
6650
3628
106
62
47
507
10
844
4
4383
372
767
3661
9969
246
10
88
5978
4
3742